0.0903167724609 0.0872802734375 0.0464935302734 0.0738983154297 0.134063720703 0.138610839844 0.0699920654297 0.0772399902344 0.113723754883 0.168380737305 Astronium
0.0590515136719 0.0680847167969 0.0501861572266 0.0972290039062 0.218383789062 0.157196044922 0.0617828369141 0.0619812011719 0.0954132080078 0.13069152832 Cecropia
0.0829467773438 0.0848693847656 0.0536804199219 0.0829772949219 0.127471923828 0.1142578125 0.0744323730469 0.0852966308594 0.121627807617 0.172439575195 Cochlospermum
0.0582733154297 0.0644836425781 0.0527648925781 0.110717773438 0.199264526367 0.154495239258 0.0629425048828 0.0641021728516 0.0988922119141 0.134063720703 Cecropia
0.0791778564453 0.0835113525391 0.0428924560547 0.0832977294922 0.157684326172 0.132247924805 0.0658111572266 0.0782165527344 0.114868164062 0.162292480469 Cochlospermum
0.0639801025391 0.0683135986328 0.0660095214844 0.106872558594 0.174682617188 0.187133789062 0.0861968994141 0.05810546875 0.0693969726562 0.11930847168 Calophyllum
0.0702819824219 0.0780639648438 0.0543212890625 0.0850677490234 0.166229248047 0.177627563477 0.0793304443359 0.0647888183594 0.0872192382812 0.137069702148 Apuleia
0.0908355712891 0.0867462158203 0.0508422851562 0.0761413574219 0.108474731445 0.0986785888672 0.0708465576172 0.0930786132812 0.134841918945 0.189514160156 Cochlospermum
0.0646820068359 0.0713653564453 0.0606536865234 0.101928710938 0.179321289062 0.177841186523 0.0865020751953 0.0619964599609 0.0713958740234 0.124313354492 Copaifera
0.0606384277344 0.0662689208984 0.0596923828125 0.103729248047 0.200424194336 0.18913269043 0.0761871337891 0.056884765625 0.0712890625 0.115753173828 Astronium
0.0780487060547 0.0800323486328 0.0497741699219 0.0812835693359 0.175369262695 0.158920288086 0.0802001953125 0.0703125 0.085205078125 0.140853881836 Cedrelinga
0.0660705566406 0.0778503417969 0.0575103759766 0.0903167724609 0.168899536133 0.184295654297 0.0780029296875 0.0638275146484 0.0809173583984 0.132308959961 Apuleia
0.0963134765625 0.0871429443359 0.0479583740234 0.0733489990234 0.132629394531 0.1142578125 0.0682220458984 0.08349609375 0.119873046875 0.1767578125 Aspidosperma
0.0832824707031 0.0759735107422 0.0590209960938 0.0932769775391 0.145599365234 0.135116577148 0.0769500732422 0.0771789550781 0.0993499755859 0.154251098633 Aspidosperma
0.0933685302734 0.0852508544922 0.047607421875 0.0762023925781 0.139389038086 0.120193481445 0.0692596435547 0.0829315185547 0.114196777344 0.171600341797 Aspidosperma
0.0641326904297 0.0684051513672 0.0574188232422 0.0976867675781 0.196548461914 0.184234619141 0.0754241943359 0.0569458007812 0.0770263671875 0.122177124023 Astronium
0.0898284912109 0.0829772949219 0.0518951416016 0.0823516845703 0.139526367188 0.122680664062 0.0718383789062 0.0828552246094 0.110260009766 0.165786743164 Aspidosperma
0.0741119384766 0.0766448974609 0.0424652099609 0.0738830566406 0.190078735352 0.195373535156 0.0800933837891 0.0606079101562 0.0735168457031 0.133224487305 Combretum
0.0850830078125 0.0909118652344 0.0487823486328 0.0675354003906 0.127243041992 0.165267944336 0.0814056396484 0.07275390625 0.100402832031 0.160614013672 Apuleia
0.0802307128906 0.0865936279297 0.0479125976562 0.0699005126953 0.160049438477 0.172836303711 0.0753326416016 0.068115234375 0.0906219482422 0.148406982422 Astronium
0.0678100585938 0.0690307617188 0.0482788085938 0.0916595458984 0.189605712891 0.194076538086 0.0874633789062 0.0588836669922 0.0687561035156 0.124435424805 Combretum
0.076904296875 0.0788116455078 0.0426635742188 0.0762176513672 0.174987792969 0.180053710938 0.0835113525391 0.0660247802734 0.0811157226562 0.139709472656 Combretum
0.0576477050781 0.0638732910156 0.0542449951172 0.113906860352 0.204315185547 0.152633666992 0.0650634765625 0.0669708251953 0.0937194824219 0.127624511719 Cecropia
0.0539245605469 0.0594482421875 0.0585479736328 0.110946655273 0.202987670898 0.21858215332 0.0954895019531 0.051513671875 0.0503540039062 0.0982055664062 Combretum
0.0696716308594 0.0762176513672 0.0458984375 0.0850219726562 0.190277099609 0.133773803711 0.0615234375 0.0720520019531 0.114410400391 0.151153564453 Cecropia
0.0663909912109 0.0763854980469 0.0607604980469 0.0922088623047 0.174880981445 0.173828125 0.082763671875 0.0629577636719 0.0784149169922 0.131408691406 Copaifera
0.0798645019531 0.0863952636719 0.0498657226562 0.0722198486328 0.139587402344 0.164443969727 0.0779418945312 0.0721588134766 0.101135253906 0.156387329102 Apuleia
0.0709075927734 0.0774383544922 0.0648193359375 0.0964813232422 0.155075073242 0.152450561523 0.0879669189453 0.071533203125 0.0847778320312 0.138549804688 Copaifera
0.0876770019531 0.0850067138672 0.0654754638672 0.0885925292969 0.104431152344 0.107040405273 0.0860443115234 0.0910797119141 0.113418579102 0.171234130859 Copaifera
0.0819854736328 0.0849151611328 0.0529022216797 0.0836486816406 0.133605957031 0.116775512695 0.0732879638672 0.0848693847656 0.118423461914 0.169586181641 Byrsonima
0.0626220703125 0.0680236816406 0.0486602783203 0.102188110352 0.196243286133 0.157440185547 0.0579071044922 0.0645599365234 0.102935791016 0.139419555664 Cecropia
0.0670166015625 0.0691680908203 0.0509948730469 0.100387573242 0.188903808594 0.13395690918 0.0596160888672 0.0712280273438 0.110458374023 0.14826965332 Cecropia
0.0719451904297 0.0806121826172 0.0565032958984 0.0814208984375 0.155532836914 0.179229736328 0.0796356201172 0.0660095214844 0.0875396728516 0.141571044922 Apuleia
0.0959167480469 0.0850982666016 0.0531311035156 0.0772705078125 0.119369506836 0.111511230469 0.0709991455078 0.0852203369141 0.122772216797 0.1787109375 Aspidosperma
0.0533599853516 0.0605316162109 0.0634613037109 0.1103515625 0.213485717773 0.212005615234 0.0766296386719 0.0498962402344 0.0577850341797 0.102493286133 Calophyllum
0.0681762695312 0.0759582519531 0.0546417236328 0.085205078125 0.184707641602 0.19059753418 0.0733184814453 0.0605621337891 0.0771484375 0.129684448242 Calophyllum
0.0849151611328 0.0850677490234 0.0530853271484 0.0825958251953 0.126998901367 0.11311340332 0.0728454589844 0.0880279541016 0.122894287109 0.170455932617 Byrsonima
0.0675506591797 0.0723724365234 0.0509796142578 0.0965423583984 0.178253173828 0.146591186523 0.0630340576172 0.0698394775391 0.108657836914 0.146179199219 Cecropia
0.0790100097656 0.0803680419922 0.0415191650391 0.0757598876953 0.166473388672 0.169158935547 0.0780487060547 0.0699768066406 0.0919952392578 0.147689819336 Combretum
0.0902557373047 0.0823364257812 0.0484771728516 0.0793304443359 0.138641357422 0.131362915039 0.0722198486328 0.0795288085938 0.108825683594 0.169021606445 Byrsonima
0.0940551757812 0.0871734619141 0.0504150390625 0.0771331787109 0.123764038086 0.11653137207 0.0683746337891 0.0845642089844 0.118591308594 0.179397583008 Byrsonima
0.0838470458984 0.0811462402344 0.0433044433594 0.0742797851562 0.149276733398 0.125228881836 0.0635833740234 0.0799865722656 0.124862670898 0.17448425293 Byrsonima
0.0771484375 0.0852813720703 0.051025390625 0.0759429931641 0.141937255859 0.159088134766 0.0747833251953 0.0736083984375 0.104156494141 0.157028198242 Apuleia
0.0658721923828 0.0698852539062 0.0544128417969 0.101821899414 0.178283691406 0.14973449707 0.0673828125 0.0693359375 0.101593017578 0.141677856445 Cecropia
0.0663909912109 0.0706481933594 0.0532684326172 0.101348876953 0.17366027832 0.143783569336 0.0659942626953 0.0699005126953 0.107406616211 0.147598266602 Cecropia
0.0881195068359 0.0802154541016 0.0444793701172 0.0771789550781 0.166320800781 0.139007568359 0.0665740966797 0.0750122070312 0.103958129883 0.159133911133 Aspidosperma
0.0535430908203 0.0612487792969 0.05224609375 0.100479125977 0.219573974609 0.222396850586 0.0812530517578 0.0474700927734 0.0573883056641 0.104400634766 Combretum
0.102767944336 0.0905456542969 0.0473022460938 0.0649566650391 0.112762451172 0.105834960938 0.0668334960938 0.0890808105469 0.129592895508 0.190322875977 Cedrelinga
0.0702667236328 0.0775909423828 0.0475616455078 0.0894927978516 0.179229736328 0.146514892578 0.0664825439453 0.0712585449219 0.104797363281 0.14680480957 Cochlospermum
0.0918426513672 0.0861358642578 0.0476837158203 0.0756225585938 0.131988525391 0.134307861328 0.0699768066406 0.0783233642578 0.114212036133 0.169906616211 Astronium
0.0639343261719 0.0711059570312 0.0539093017578 0.100219726562 0.181777954102 0.15510559082 0.0668334960938 0.0685577392578 0.100646972656 0.137908935547 Cecropia
0.0829315185547 0.0833282470703 0.0534973144531 0.0739288330078 0.153274536133 0.141067504883 0.0646209716797 0.0737762451172 0.111587524414 0.161987304688 Calophyllum
0.0594635009766 0.0656890869141 0.0533752441406 0.101776123047 0.197631835938 0.175720214844 0.0689544677734 0.0615997314453 0.0860900878906 0.129699707031 Cecropia
0.0798187255859 0.0848236083984 0.0508880615234 0.0765533447266 0.156127929688 0.162536621094 0.078125 0.0696716308594 0.0926208496094 0.148834228516 Astronium
0.0712585449219 0.0779266357422 0.0504760742188 0.0883636474609 0.184234619141 0.172882080078 0.0799255371094 0.0629730224609 0.0809020996094 0.131057739258 Cedrelinga
0.0762481689453 0.0767211914062 0.044189453125 0.0785217285156 0.183853149414 0.180725097656 0.0808563232422 0.0610656738281 0.0804748535156 0.137344360352 Combretum
0.0898742675781 0.0809173583984 0.0509490966797 0.0821685791016 0.144683837891 0.123672485352 0.0711975097656 0.0797271728516 0.111358642578 0.165451049805 Aspidosperma
0.10546875 0.0959930419922 0.0513916015625 0.0677032470703 0.0860748291016 0.0825347900391 0.0675811767578 0.0958557128906 0.145065307617 0.202331542969 Cedrelinga
0.0857238769531 0.0843811035156 0.0506439208984 0.0801849365234 0.145568847656 0.141326904297 0.0752716064453 0.0769500732422 0.100509643555 0.159439086914 Cedrelinga
0.0910034179688 0.0848999023438 0.0556640625 0.083251953125 0.125732421875 0.112899780273 0.0699005126953 0.0857238769531 0.118713378906 0.172210693359 Aspidosperma
0.0679473876953 0.0767059326172 0.0554809570312 0.0872802734375 0.170822143555 0.188751220703 0.0825347900391 0.0608673095703 0.0765380859375 0.133071899414 Apuleia
0.0712280273438 0.0786743164062 0.0457153320312 0.0852813720703 0.181823730469 0.145950317383 0.0663452148438 0.0726470947266 0.104995727539 0.147338867188 Cochlospermum
0.0702819824219 0.0730285644531 0.0618743896484 0.099853515625 0.138473510742 0.151565551758 0.0940856933594 0.0788421630859 0.0913238525391 0.140670776367 Apuleia
0.0652618408203 0.0684967041016 0.0636291503906 0.107604980469 0.176071166992 0.159362792969 0.0810241699219 0.0654602050781 0.0832977294922 0.129791259766 Astronium
0.078369140625 0.0763092041016 0.0460205078125 0.0837249755859 0.163070678711 0.142669677734 0.0675506591797 0.0735778808594 0.109024047852 0.159683227539 Byrsonima
0.0516815185547 0.0579223632812 0.0561828613281 0.121154785156 0.21745300293 0.169342041016 0.0629730224609 0.0585632324219 0.0873107910156 0.117416381836 Cecropia
0.0929565429688 0.0877990722656 0.051513671875 0.0796051025391 0.128692626953 0.111038208008 0.0702667236328 0.0854034423828 0.117904663086 0.174819946289 Cochlospermum
0.0675201416016 0.0738067626953 0.0562133789062 0.10612487793 0.165374755859 0.137908935547 0.0755767822266 0.0736389160156 0.0990295410156 0.144805908203 Cochlospermum
0.0698547363281 0.0753631591797 0.0484924316406 0.093017578125 0.179550170898 0.15153503418 0.0683441162109 0.0701141357422 0.0998840332031 0.143844604492 Cochlospermum
0.0661163330078 0.0701446533203 0.0599670410156 0.0993194580078 0.167083740234 0.162292480469 0.0784301757812 0.0679779052734 0.0923919677734 0.136276245117 Apuleia
0.0923309326172 0.0892028808594 0.046875 0.0726318359375 0.115051269531 0.102966308594 0.0636596679688 0.0920257568359 0.137435913086 0.18782043457 Byrsonima
0.0725555419922 0.0818176269531 0.0550231933594 0.0802001953125 0.153289794922 0.177474975586 0.0773620605469 0.0674896240234 0.0897521972656 0.145034790039 Apuleia
0.104644775391 0.091552734375 0.0466766357422 0.0653686523438 0.100189208984 0.0972747802734 0.0655517578125 0.093505859375 0.136306762695 0.198928833008 Cedrelinga
0.0673217773438 0.0714721679688 0.0581665039062 0.100601196289 0.182510375977 0.176681518555 0.0790100097656 0.0617370605469 0.0759429931641 0.126556396484 Astronium
0.0615844726562 0.0727844238281 0.0657653808594 0.0996246337891 0.177581787109 0.183639526367 0.0851745605469 0.0600433349609 0.0720062255859 0.121795654297 Copaifera
0.0827941894531 0.0821075439453 0.0464782714844 0.0785675048828 0.160263061523 0.154281616211 0.0724792480469 0.0712890625 0.0983581542969 0.153381347656 Astronium
0.0770111083984 0.077880859375 0.0600433349609 0.0933074951172 0.148056030273 0.136642456055 0.0791320800781 0.0764465332031 0.101272583008 0.150207519531 Copaifera
0.0827026367188 0.0828399658203 0.0595550537109 0.0793914794922 0.137451171875 0.141036987305 0.0695648193359 0.0769653320312 0.107208251953 0.163284301758 Calophyllum
0.0863342285156 0.0857086181641 0.0527191162109 0.0682678222656 0.146667480469 0.134307861328 0.0661315917969 0.0753936767578 0.117279052734 0.167190551758 Calophyllum
0.0637969970703 0.0652923583984 0.0510406494141 0.0971527099609 0.194152832031 0.190460205078 0.0886993408203 0.0604400634766 0.0697326660156 0.119232177734 Combretum
0.08837890625 0.0891418457031 0.0512390136719 0.0741882324219 0.133575439453 0.149887084961 0.0829467773438 0.0776214599609 0.0947875976562 0.158233642578 Copaifera
0.083740234375 0.0831604003906 0.0490570068359 0.0810852050781 0.156921386719 0.158157348633 0.0820922851562 0.0721435546875 0.085205078125 0.1484375 Cedrelinga
0.0482788085938 0.0574340820312 0.0608215332031 0.130111694336 0.214050292969 0.171157836914 0.0734100341797 0.0564727783203 0.0776977539062 0.110565185547 Cecropia
0.0634460449219 0.0709075927734 0.0511779785156 0.0999298095703 0.190475463867 0.159744262695 0.0602874755859 0.0655670166016 0.101440429688 0.137023925781 Cecropia
0.0763549804688 0.0825042724609 0.0557403564453 0.0905609130859 0.142883300781 0.124374389648 0.0763549804688 0.0826568603516 0.110015869141 0.158554077148 Cochlospermum
0.08447265625 0.0889892578125 0.0482025146484 0.0704956054688 0.128540039062 0.158233642578 0.0786743164062 0.0770111083984 0.103744506836 0.161636352539 Apuleia
0.0687713623047 0.0777282714844 0.0533294677734 0.0804443359375 0.188919067383 0.198944091797 0.0708465576172 0.0584411621094 0.0753479003906 0.127227783203 Calophyllum
0.0520477294922 0.0583343505859 0.0671081542969 0.125106811523 0.201599121094 0.195434570312 0.0906982421875 0.0529937744141 0.0567626953125 0.0999145507812 Calophyllum
0.0888977050781 0.0860900878906 0.0440216064453 0.0712890625 0.139251708984 0.141403198242 0.0748748779297 0.0784454345703 0.109252929688 0.166473388672 Combretum
0.0858306884766 0.0855560302734 0.0435485839844 0.0717926025391 0.152160644531 0.16340637207 0.0725708007812 0.0710601806641 0.0993499755859 0.154724121094 Astronium
0.0700531005859 0.0798950195312 0.0505828857422 0.0835113525391 0.163558959961 0.176773071289 0.076904296875 0.0636444091797 0.0926055908203 0.142471313477 Apuleia
0.0836944580078 0.0894012451172 0.0488586425781 0.0690002441406 0.134765625 0.171783447266 0.0817260742188 0.0707855224609 0.0941162109375 0.155868530273 Apuleia
0.0868225097656 0.0885620117188 0.0516052246094 0.0805358886719 0.133865356445 0.156585693359 0.0807800292969 0.0768432617188 0.0886840820312 0.155715942383 Copaifera
0.0628662109375 0.0684661865234 0.0616607666016 0.106399536133 0.163070678711 0.170974731445 0.0896148681641 0.0677795410156 0.0825347900391 0.12663269043 Apuleia
0.0714569091797 0.0697479248047 0.052001953125 0.0991058349609 0.159729003906 0.146011352539 0.0699768066406 0.0727996826172 0.108978271484 0.150192260742 Cecropia
0.0717163085938 0.0774078369141 0.0570678710938 0.0980377197266 0.154495239258 0.131927490234 0.0773620605469 0.0789184570312 0.102188110352 0.15087890625 Cochlospermum
0.0874328613281 0.0892181396484 0.0472717285156 0.0715637207031 0.142135620117 0.143829345703 0.0762481689453 0.0762176513672 0.105438232422 0.16064453125 Astronium
0.0804290771484 0.0764465332031 0.0635070800781 0.0917205810547 0.128082275391 0.141693115234 0.0874176025391 0.0765991210938 0.0998382568359 0.154266357422 Calophyllum
0.0975036621094 0.0918121337891 0.0501251220703 0.0709838867188 0.115676879883 0.108047485352 0.0717315673828 0.0874938964844 0.125198364258 0.181427001953 Cedrelinga
0.0780639648438 0.0808410644531 0.0489654541016 0.0807800292969 0.172912597656 0.159469604492 0.0810089111328 0.0693359375 0.0861663818359 0.142456054688 Cedrelinga
0.0735015869141 0.0780181884766 0.0450134277344 0.0912017822266 0.172134399414 0.144165039062 0.0666961669922 0.0736999511719 0.106246948242 0.149322509766 Cochlospermum
0.0845184326172 0.0857086181641 0.0437164306641 0.0697631835938 0.152984619141 0.163223266602 0.0770568847656 0.0694122314453 0.0993194580078 0.154296875 Astronium
0.0767669677734 0.0789947509766 0.0471496582031 0.0798645019531 0.174514770508 0.175918579102 0.0785217285156 0.0659332275391 0.082763671875 0.139572143555 Combretum
0.0792236328125 0.0825805664062 0.0505981445312 0.0847473144531 0.150253295898 0.136611938477 0.0728607177734 0.0800018310547 0.105102539062 0.158020019531 Byrsonima
0.0599517822266 0.064453125 0.0690155029297 0.111557006836 0.181289672852 0.176406860352 0.0818023681641 0.0621032714844 0.0740814208984 0.119338989258 Calophyllum
0.0832061767578 0.0856628417969 0.0424957275391 0.0777130126953 0.146850585938 0.129119873047 0.065185546875 0.0782775878906 0.12451171875 0.166976928711 Cecropia
0.0753479003906 0.0791015625 0.0560455322266 0.0910491943359 0.141220092773 0.154968261719 0.0831909179688 0.0740203857422 0.0937652587891 0.151290893555 Apuleia
0.0945587158203 0.0888977050781 0.0481567382812 0.0751495361328 0.123550415039 0.123092651367 0.0730743408203 0.0829620361328 0.115692138672 0.174865722656 Cedrelinga
0.0585479736328 0.0647583007812 0.0579528808594 0.116516113281 0.190887451172 0.148834228516 0.0704498291016 0.0683288574219 0.0946655273438 0.129058837891 Cecropia
0.0706634521484 0.0735626220703 0.0412750244141 0.0761871337891 0.203399658203 0.202514648438 0.0782928466797 0.0562286376953 0.0694274902344 0.128448486328 Combretum
0.0873870849609 0.0856628417969 0.0521545410156 0.0830841064453 0.134613037109 0.114120483398 0.0721740722656 0.0839080810547 0.115493774414 0.171401977539 Aspidosperma
0.0811767578125 0.0859527587891 0.0517730712891 0.0834655761719 0.137664794922 0.125595092773 0.0742492675781 0.0827026367188 0.111465454102 0.165954589844 Byrsonima
0.0838928222656 0.0848999023438 0.0523834228516 0.08544921875 0.149383544922 0.122421264648 0.0704498291016 0.0793304443359 0.110244750977 0.161544799805 Aspidosperma
0.0695495605469 0.07763671875 0.0488128662109 0.0873870849609 0.183547973633 0.147308349609 0.0663299560547 0.0695190429688 0.103088378906 0.146820068359 Cecropia
0.0929718017578 0.0877075195312 0.0478057861328 0.0780944824219 0.131958007812 0.114395141602 0.0685729980469 0.0818481445312 0.119674682617 0.176971435547 Cochlospermum
0.0852661132812 0.0805511474609 0.0660400390625 0.0882720947266 0.110809326172 0.119918823242 0.0881805419922 0.0887908935547 0.107284545898 0.164886474609 Copaifera
0.0579528808594 0.0670013427734 0.0742492675781 0.128448486328 0.177841186523 0.14811706543 0.0863647460938 0.0668182373047 0.0742034912109 0.119003295898 Copaifera
0.0770263671875 0.0809326171875 0.0483551025391 0.0789031982422 0.167037963867 0.173385620117 0.0755462646484 0.0652465820312 0.0887145996094 0.14485168457 Astronium
0.0891723632812 0.0831756591797 0.0546417236328 0.0842437744141 0.134628295898 0.124893188477 0.0755920410156 0.082763671875 0.104522705078 0.166366577148 Aspidosperma
0.0819702148438 0.0904388427734 0.0500793457031 0.0726318359375 0.147216796875 0.158325195312 0.0756988525391 0.0740051269531 0.0943908691406 0.155242919922 Astronium
0.0806884765625 0.0845184326172 0.0484924316406 0.0762176513672 0.157852172852 0.167129516602 0.0729827880859 0.0690460205078 0.0939636230469 0.149108886719 Astronium
0.0839385986328 0.092041015625 0.0465545654297 0.0732269287109 0.134140014648 0.162857055664 0.0802917480469 0.0756988525391 0.0959625244141 0.155288696289 Apuleia
0.0826568603516 0.0867004394531 0.0496215820312 0.0771636962891 0.147262573242 0.159042358398 0.0784606933594 0.0712890625 0.0936584472656 0.154144287109 Copaifera
0.0696868896484 0.0735931396484 0.0542144775391 0.0889892578125 0.181762695312 0.185211181641 0.0713043212891 0.0599365234375 0.0828857421875 0.132415771484 Astronium
0.0830078125 0.0790863037109 0.0405120849609 0.0787963867188 0.158386230469 0.133392333984 0.0600891113281 0.0798492431641 0.118255615234 0.16862487793 Byrsonima
0.0847625732422 0.0819702148438 0.060791015625 0.0892944335938 0.132781982422 0.119537353516 0.0774383544922 0.0832214355469 0.10676574707 0.163436889648 Aspidosperma
0.0771026611328 0.0778656005859 0.0506591796875 0.0867614746094 0.172622680664 0.152572631836 0.07763671875 0.0711669921875 0.0898590087891 0.143753051758 Cedrelinga
0.0846252441406 0.0886383056641 0.0472106933594 0.0685424804688 0.135330200195 0.161254882812 0.0792846679688 0.0759124755859 0.101119995117 0.158081054688 Apuleia
0.0717926025391 0.0697174072266 0.0580444335938 0.101303100586 0.173034667969 0.161636352539 0.074462890625 0.0666961669922 0.0876159667969 0.135696411133 Calophyllum
0.0944976806641 0.0920715332031 0.0508422851562 0.0730133056641 0.111862182617 0.108688354492 0.0719909667969 0.0850067138672 0.128082275391 0.183944702148 Cedrelinga
0.0666961669922 0.0765838623047 0.0635986328125 0.0961151123047 0.169311523438 0.166809082031 0.0838470458984 0.0659790039062 0.07861328125 0.132446289062 Copaifera
0.0648651123047 0.0674743652344 0.0648956298828 0.11051940918 0.171157836914 0.170532226562 0.0895843505859 0.0656433105469 0.0734710693359 0.121856689453 Calophyllum
0.0592956542969 0.0698699951172 0.0500793457031 0.0970611572266 0.216079711914 0.158218383789 0.0616607666016 0.0637664794922 0.0933990478516 0.130569458008 Cecropia
0.0706481933594 0.0697174072266 0.0614776611328 0.101455688477 0.161041259766 0.164978027344 0.0861206054688 0.06689453125 0.083251953125 0.134414672852 Calophyllum
0.0673217773438 0.07666015625 0.0562133789062 0.0872955322266 0.171905517578 0.183624267578 0.0780639648438 0.0622711181641 0.0836486816406 0.132995605469 Apuleia
0.0911407470703 0.0862426757812 0.0518188476562 0.0769958496094 0.134506225586 0.117767333984 0.0724792480469 0.0819702148438 0.113098144531 0.173980712891 Aspidosperma
0.101867675781 0.0913696289062 0.0459747314453 0.0661315917969 0.11360168457 0.100433349609 0.064697265625 0.0884246826172 0.133926391602 0.193572998047 Aspidosperma
0.0612182617188 0.0648956298828 0.0522308349609 0.103256225586 0.187683105469 0.171157836914 0.0689544677734 0.0621490478516 0.0932922363281 0.135162353516 Cecropia
0.0712280273438 0.0790863037109 0.0527191162109 0.083251953125 0.156433105469 0.178939819336 0.0807495117188 0.0655364990234 0.0901947021484 0.141860961914 Apuleia
0.0708923339844 0.0748748779297 0.0509796142578 0.0941619873047 0.172241210938 0.149505615234 0.0752716064453 0.0749359130859 0.0939025878906 0.14323425293 Byrsonima
0.0816497802734 0.0827789306641 0.0471343994141 0.0788421630859 0.157836914062 0.151245117188 0.0738372802734 0.0736389160156 0.0991363525391 0.153900146484 Astronium
0.0763397216797 0.0781860351562 0.0535430908203 0.0889129638672 0.156372070312 0.139434814453 0.0741729736328 0.0774078369141 0.101531982422 0.154098510742 Byrsonima
0.0997772216797 0.0909729003906 0.055419921875 0.0739440917969 0.103469848633 0.0964813232422 0.0695495605469 0.0916595458984 0.129989624023 0.188735961914 Cedrelinga
0.0790557861328 0.0874786376953 0.0560913085938 0.0809326171875 0.143157958984 0.155883789062 0.0803375244141 0.0738220214844 0.0905303955078 0.152709960938 Copaifera
0.0795745849609 0.0909423828125 0.055419921875 0.0729827880859 0.143661499023 0.150970458984 0.0749359130859 0.0765991210938 0.100234985352 0.154678344727 Copaifera
0.0827178955078 0.0896606445312 0.0502624511719 0.0740966796875 0.131286621094 0.151245117188 0.0788421630859 0.0771636962891 0.104858398438 0.159866333008 Apuleia
0.0962982177734 0.0870666503906 0.0500030517578 0.0738830566406 0.126159667969 0.119201660156 0.0724334716797 0.0847778320312 0.114288330078 0.175888061523 Aspidosperma
0.0955657958984 0.0879669189453 0.0550079345703 0.0768890380859 0.115142822266 0.105529785156 0.0709838867188 0.0897521972656 0.122314453125 0.180847167969 Aspidosperma
0.0834197998047 0.0839385986328 0.0609436035156 0.0921020507812 0.129028320312 0.114364624023 0.0749816894531 0.0861206054688 0.109634399414 0.165466308594 Byrsonima
0.0925598144531 0.0864410400391 0.0497436523438 0.0746002197266 0.134872436523 0.12077331543 0.0699615478516 0.0828094482422 0.114288330078 0.173950195312 Aspidosperma
0.0845794677734 0.0787506103516 0.0504302978516 0.083984375 0.155487060547 0.139144897461 0.0752868652344 0.0753784179688 0.100677490234 0.156280517578 Aspidosperma
0.0666656494141 0.0736236572266 0.0569000244141 0.103988647461 0.167495727539 0.14079284668 0.0764923095703 0.0728912353516 0.0984191894531 0.142730712891 Cochlospermum
0.0625305175781 0.0739593505859 0.0466003417969 0.0895233154297 0.202743530273 0.168014526367 0.0608825683594 0.0653991699219 0.0952453613281 0.135101318359 Cecropia
0.0757904052734 0.080322265625 0.0423736572266 0.0848693847656 0.170654296875 0.140258789062 0.0632171630859 0.0749969482422 0.112442016602 0.155075073242 Cochlospermum
0.0934600830078 0.0880889892578 0.0524444580078 0.0768127441406 0.121307373047 0.108184814453 0.0707397460938 0.0867462158203 0.121871948242 0.18034362793 Aspidosperma
0.0843963623047 0.0843811035156 0.0496063232422 0.0810546875 0.144332885742 0.143569946289 0.0709838867188 0.0770721435547 0.103744506836 0.160858154297 Astronium
0.0655059814453 0.0732727050781 0.0594329833984 0.0903472900391 0.181060791016 0.191146850586 0.0748138427734 0.0596618652344 0.0784912109375 0.126266479492 Calophyllum
0.0708465576172 0.0799560546875 0.0511322021484 0.0771026611328 0.182983398438 0.197113037109 0.0768737792969 0.0586242675781 0.0749816894531 0.130386352539 Calophyllum
0.0914916992188 0.0867156982422 0.0487976074219 0.07861328125 0.127166748047 0.122848510742 0.0690155029297 0.0830841064453 0.114318847656 0.177947998047 Byrsonima
0.0863037109375 0.0879364013672 0.0509796142578 0.0785827636719 0.12223815918 0.109512329102 0.0695495605469 0.0890960693359 0.127059936523 0.178741455078 Byrsonima
0.0811004638672 0.0795288085938 0.0493011474609 0.0866851806641 0.16064453125 0.151962280273 0.0794067382812 0.0721893310547 0.0918731689453 0.147308349609 Cedrelinga
0.0762939453125 0.0774993896484 0.0528869628906 0.0896606445312 0.159255981445 0.140411376953 0.0741271972656 0.0765991210938 0.100448608398 0.152816772461 Byrsonima
0.0826721191406 0.085205078125 0.0527496337891 0.0832214355469 0.135803222656 0.125137329102 0.0724639892578 0.0818176269531 0.112579345703 0.168350219727 Byrsonima
0.0821380615234 0.0839996337891 0.0403594970703 0.0731658935547 0.167388916016 0.17594909668 0.0801086425781 0.0677947998047 0.0851440429688 0.143951416016 Combretum
0.05859375 0.0671081542969 0.0718688964844 0.125717163086 0.176300048828 0.15168762207 0.0859222412109 0.068603515625 0.0746307373047 0.119567871094 Copaifera
0.0848541259766 0.0843505859375 0.0554351806641 0.087890625 0.137878417969 0.118301391602 0.0735931396484 0.0839538574219 0.109039306641 0.164703369141 Aspidosperma
0.0834197998047 0.0802612304688 0.0471038818359 0.085205078125 0.165115356445 0.131576538086 0.0667266845703 0.0765380859375 0.106109619141 0.157943725586 Aspidosperma
0.0780487060547 0.0825653076172 0.0569915771484 0.0848541259766 0.152252197266 0.160797119141 0.0784759521484 0.0707092285156 0.0900573730469 0.145248413086 Astronium
0.0578460693359 0.0626373291016 0.0583190917969 0.116073608398 0.1982421875 0.149948120117 0.0630950927734 0.0652313232422 0.09765625 0.130950927734 Cecropia
0.0952758789062 0.0874938964844 0.0542449951172 0.0755615234375 0.116058349609 0.104278564453 0.0709838867188 0.0895843505859 0.12467956543 0.181838989258 Cedrelinga
0.100891113281 0.0887603759766 0.04931640625 0.0708160400391 0.11100769043 0.102996826172 0.0694122314453 0.088134765625 0.130264282227 0.188400268555 Aspidosperma
0.0812835693359 0.0818023681641 0.0608367919922 0.0963592529297 0.139358520508 0.126556396484 0.0797882080078 0.0814514160156 0.0962066650391 0.156356811523 Aspidosperma
0.0860443115234 0.0867919921875 0.0452423095703 0.0719451904297 0.149261474609 0.158660888672 0.0731964111328 0.072021484375 0.100433349609 0.156402587891 Astronium
0.0596160888672 0.0703887939453 0.0609130859375 0.100952148438 0.181243896484 0.188171386719 0.0798034667969 0.0613403320312 0.0755004882812 0.1220703125 Apuleia
0.0780334472656 0.0795440673828 0.0478363037109 0.0809478759766 0.177261352539 0.164337158203 0.0802612304688 0.0678405761719 0.0844879150391 0.139450073242 Cedrelinga
0.0902099609375 0.0870056152344 0.0574493408203 0.0785369873047 0.11882019043 0.110870361328 0.0744323730469 0.0878448486328 0.117935180664 0.176895141602 Byrsonima
0.0740966796875 0.0768737792969 0.0529174804688 0.0959014892578 0.152694702148 0.133331298828 0.0767669677734 0.0779571533203 0.105102539062 0.154357910156 Cochlospermum
0.0619659423828 0.0671844482422 0.0461730957031 0.0902709960938 0.206420898438 0.20686340332 0.0775299072266 0.0534973144531 0.0706024169922 0.119491577148 Combretum
0.0708160400391 0.0732269287109 0.0573272705078 0.101287841797 0.155685424805 0.13835144043 0.0750579833984 0.0769958496094 0.103378295898 0.147872924805 Cochlospermum
0.0763092041016 0.0799865722656 0.0558319091797 0.0902404785156 0.145690917969 0.124969482422 0.0756378173828 0.0818939208984 0.109146118164 0.160293579102 Cochlospermum
0.0604858398438 0.0635681152344 0.0641632080078 0.111175537109 0.193328857422 0.185638427734 0.0808563232422 0.0576782226562 0.0677795410156 0.115325927734 Calophyllum
0.0834197998047 0.0834808349609 0.0464019775391 0.0766143798828 0.145843505859 0.118179321289 0.0648193359375 0.081298828125 0.125274658203 0.174667358398 Cecropia
0.068603515625 0.0768737792969 0.0565643310547 0.0879211425781 0.164825439453 0.171051025391 0.0813751220703 0.0646667480469 0.0883178710938 0.139801025391 Apuleia
0.0790405273438 0.0834808349609 0.0437927246094 0.0805816650391 0.163284301758 0.127471923828 0.0636291503906 0.0788269042969 0.118515014648 0.161376953125 Cochlospermum
0.0876312255859 0.0843963623047 0.0435485839844 0.0730285644531 0.148864746094 0.134506225586 0.0687103271484 0.0766143798828 0.115539550781 0.16716003418 Combretum
0.0695190429688 0.07568359375 0.0574798583984 0.0934906005859 0.152954101562 0.153823852539 0.0770721435547 0.0717163085938 0.0994262695312 0.148834228516 Apuleia
0.0730133056641 0.0804595947266 0.0587615966797 0.0930328369141 0.159255981445 0.159118652344 0.0823974609375 0.0690307617188 0.0843200683594 0.140609741211 Copaifera
0.0909118652344 0.0845947265625 0.0553588867188 0.0847778320312 0.126159667969 0.114074707031 0.0723266601562 0.0851898193359 0.11474609375 0.171859741211 Aspidosperma
0.0809783935547 0.0875244140625 0.0453491210938 0.0794219970703 0.149642944336 0.124969482422 0.067626953125 0.0801239013672 0.120376586914 0.163986206055 Cecropia
0.0509643554688 0.0570831298828 0.0608062744141 0.128784179688 0.209686279297 0.171905517578 0.0731964111328 0.0613098144531 0.0757141113281 0.110549926758 Cecropia
0.0539398193359 0.0579528808594 0.0650329589844 0.117416381836 0.190155029297 0.200286865234 0.0985565185547 0.0595703125 0.0536041259766 0.103485107422 Combretum
0.0840301513672 0.0862426757812 0.0429534912109 0.0732574462891 0.158752441406 0.163238525391 0.0794830322266 0.0712280273438 0.0909423828125 0.149871826172 Combretum
0.0630187988281 0.0683898925781 0.0501861572266 0.0886993408203 0.199066162109 0.21125793457 0.0900115966797 0.0537261962891 0.0597839355469 0.115859985352 Combretum
0.0524139404297 0.060546875 0.0575866699219 0.11962890625 0.214416503906 0.159515380859 0.0599365234375 0.0615692138672 0.0917205810547 0.122665405273 Cecropia
0.0700073242188 0.0750732421875 0.0511932373047 0.0870208740234 0.187942504883 0.185485839844 0.0736999511719 0.0601043701172 0.0787048339844 0.130767822266 Astronium
0.0843811035156 0.0869140625 0.0470886230469 0.0741729736328 0.147079467773 0.165023803711 0.0751800537109 0.0710144042969 0.0965728759766 0.152572631836 Astronium
0.0756683349609 0.0798797607422 0.0562744140625 0.0935516357422 0.142776489258 0.123550415039 0.077392578125 0.0823669433594 0.110809326172 0.157730102539 Cochlospermum
0.0645904541016 0.0649261474609 0.0500640869141 0.0966491699219 0.195953369141 0.190887451172 0.0867156982422 0.0605163574219 0.0700531005859 0.119644165039 Combretum
0.0752410888672 0.0828247070312 0.0532836914062 0.0814971923828 0.150390625 0.165390014648 0.0787811279297 0.0722198486328 0.0948944091797 0.145477294922 Apuleia
0.0914154052734 0.0894775390625 0.0523834228516 0.0823974609375 0.124771118164 0.109344482422 0.0706024169922 0.0852661132812 0.119445800781 0.174896240234 Cochlospermum
0.0758361816406 0.0789184570312 0.0551300048828 0.0893707275391 0.151428222656 0.137390136719 0.0751190185547 0.0773620605469 0.104690551758 0.154754638672 Byrsonima
0.0835876464844 0.0860748291016 0.0464172363281 0.0773010253906 0.15185546875 0.158416748047 0.07470703125 0.0722198486328 0.09765625 0.151763916016 Astronium
0.0838775634766 0.0837097167969 0.0522766113281 0.0828857421875 0.13639831543 0.125839233398 0.0712127685547 0.081298828125 0.113632202148 0.168869018555 Byrsonima
0.0830230712891 0.0880889892578 0.0484619140625 0.0678405761719 0.136825561523 0.160919189453 0.0800628662109 0.0726776123047 0.103637695312 0.158462524414 Apuleia
0.0832672119141 0.0874938964844 0.0499725341797 0.0716705322266 0.13362121582 0.151596069336 0.0804901123047 0.0763702392578 0.104049682617 0.161468505859 Apuleia
0.0797576904297 0.0828247070312 0.044921875 0.0757598876953 0.158142089844 0.168151855469 0.0831298828125 0.0699462890625 0.0879821777344 0.149383544922 Combretum
0.0704040527344 0.0764007568359 0.0498657226562 0.0890350341797 0.188781738281 0.177398681641 0.0803375244141 0.0615539550781 0.0772705078125 0.128952026367 Cedrelinga
0.0902709960938 0.0856018066406 0.0465240478516 0.0709533691406 0.137893676758 0.141052246094 0.0713043212891 0.0770874023438 0.111450195312 0.167861938477 Astronium
0.0497589111328 0.0567016601562 0.0643768310547 0.120254516602 0.222091674805 0.212097167969 0.0808563232422 0.046142578125 0.0514373779297 0.0962829589844 Calophyllum
0.0879364013672 0.0850372314453 0.0460815429688 0.0764007568359 0.139587402344 0.144378662109 0.0722503662109 0.0748443603516 0.108703613281 0.164779663086 Astronium
0.0864562988281 0.0867919921875 0.0482940673828 0.0715484619141 0.141525268555 0.15608215332 0.0735778808594 0.0735626220703 0.102661132812 0.15950012207 Astronium
0.0933685302734 0.0864868164062 0.0470733642578 0.07275390625 0.137817382812 0.126968383789 0.0703430175781 0.0809326171875 0.110916137695 0.17333984375 Aspidosperma
0.07080078125 0.0736083984375 0.0433959960938 0.0794067382812 0.189834594727 0.198623657227 0.0814208984375 0.0587768554688 0.0735473632812 0.130584716797 Combretum
0.0485382080078 0.0545196533203 0.0674591064453 0.12141418457 0.226104736328 0.208053588867 0.0796813964844 0.046630859375 0.0534057617188 0.0941925048828 Calophyllum
0.0806121826172 0.0829925537109 0.0476531982422 0.0843200683594 0.142349243164 0.121231079102 0.0697021484375 0.0830383300781 0.120788574219 0.16731262207 Cochlospermum
0.09521484375 0.0894165039062 0.0503845214844 0.080078125 0.122467041016 0.107086181641 0.0699768066406 0.0855560302734 0.121871948242 0.177947998047 Cochlospermum
0.0632629394531 0.0670318603516 0.0606384277344 0.105819702148 0.168609619141 0.169723510742 0.0842437744141 0.06689453125 0.083740234375 0.130035400391 Apuleia
0.0807037353516 0.0798187255859 0.039794921875 0.0688781738281 0.179306030273 0.186309814453 0.0746459960938 0.0621032714844 0.0858154296875 0.142623901367 Combretum
0.0734405517578 0.07373046875 0.0410766601562 0.0769653320312 0.1923828125 0.201431274414 0.0784454345703 0.0571746826172 0.0740661621094 0.131286621094 Combretum
0.0989685058594 0.0915985107422 0.0494232177734 0.0718383789062 0.105682373047 0.106643676758 0.0658264160156 0.0891571044922 0.12939453125 0.191467285156 Byrsonima
0.0833129882812 0.0834197998047 0.0416564941406 0.0724182128906 0.165771484375 0.171936035156 0.0799560546875 0.0687561035156 0.0869903564453 0.145782470703 Combretum
0.0753021240234 0.0830230712891 0.0539093017578 0.0819396972656 0.142395019531 0.162094116211 0.0868530273438 0.0695648193359 0.0933380126953 0.151580810547 Apuleia
0.083984375 0.0892028808594 0.0524444580078 0.0762329101562 0.136535644531 0.148300170898 0.0784606933594 0.0751953125 0.0993347167969 0.160308837891 Copaifera
0.0767669677734 0.0837097167969 0.0561218261719 0.0924682617188 0.143096923828 0.122268676758 0.0782470703125 0.0808410644531 0.108520507812 0.157958984375 Cochlospermum
0.0850982666016 0.0814361572266 0.0425567626953 0.0753021240234 0.147827148438 0.124893188477 0.0624084472656 0.0805816650391 0.125259399414 0.17463684082 Byrsonima
0.0904693603516 0.0884704589844 0.0518341064453 0.0776672363281 0.126007080078 0.121398925781 0.0744781494141 0.0827941894531 0.113739013672 0.173141479492 Cedrelinga
0.0869903564453 0.0885467529297 0.0517120361328 0.0798034667969 0.130874633789 0.151931762695 0.0833740234375 0.0775451660156 0.0902099609375 0.15901184082 Copaifera
0.0853881835938 0.0834655761719 0.0522003173828 0.0798187255859 0.124908447266 0.119400024414 0.0732421875 0.086181640625 0.120635986328 0.174758911133 Byrsonima
0.0589447021484 0.0647125244141 0.0555572509766 0.106185913086 0.19367980957 0.175231933594 0.0721740722656 0.0630493164062 0.0829315185547 0.127532958984 Cecropia
0.0887603759766 0.0841369628906 0.0469512939453 0.0790252685547 0.136856079102 0.151885986328 0.0733947753906 0.078369140625 0.0997161865234 0.160903930664 Astronium
0.0815582275391 0.0790710449219 0.0380096435547 0.0676574707031 0.18017578125 0.190551757812 0.0732421875 0.0608062744141 0.0870819091797 0.141845703125 Combretum
0.0966033935547 0.0901184082031 0.0560913085938 0.0769805908203 0.112884521484 0.099365234375 0.071044921875 0.0904998779297 0.123153686523 0.183258056641 Cochlospermum
0.0891876220703 0.0855255126953 0.0509185791016 0.0801696777344 0.138244628906 0.133316040039 0.0764312744141 0.0803680419922 0.103134155273 0.162704467773 Cedrelinga
0.0528869628906 0.0584869384766 0.0545501708984 0.108291625977 0.218780517578 0.220138549805 0.0868225097656 0.0477294921875 0.0524139404297 0.0998992919922 Combretum
0.0583648681641 0.0666809082031 0.0614318847656 0.103240966797 0.201553344727 0.198684692383 0.0777282714844 0.0537872314453 0.0662994384766 0.112228393555 Calophyllum
0.0594635009766 0.06494140625 0.048828125 0.0955200195312 0.210739135742 0.206802368164 0.0767364501953 0.0539093017578 0.0673065185547 0.115753173828 Combretum
0.0658874511719 0.0724334716797 0.0592041015625 0.103851318359 0.170135498047 0.143249511719 0.0785980224609 0.0748748779297 0.0942687988281 0.137496948242 Cochlospermum
0.0818939208984 0.084228515625 0.0610046386719 0.0909271240234 0.136657714844 0.119338989258 0.0752258300781 0.0845642089844 0.104354858398 0.161804199219 Byrsonima
0.0677032470703 0.0798950195312 0.0540924072266 0.0860137939453 0.164123535156 0.178192138672 0.0736694335938 0.0650024414062 0.0906372070312 0.140670776367 Apuleia
0.0735015869141 0.0804748535156 0.0467224121094 0.0854187011719 0.17546081543 0.142440795898 0.0659790039062 0.0707244873047 0.107681274414 0.151596069336 Cochlospermum
0.0758666992188 0.0789184570312 0.0408325195312 0.0780792236328 0.175628662109 0.180419921875 0.0817260742188 0.065673828125 0.0818176269531 0.141036987305 Combretum
